# Moosinsa 세트장(2m*1m) 좌표 설정
# robot_nodes.py에서 이 파일을 로드하여 사용
# 좌표 변경 시 이 파일만 수정하면 됨

locations:
  warejet:
    x: 0.10835881471111715
    y: 0.21389932731805447
    z: 0.9998012815964794    # orientation.z (quaternion)
    w: 0.019934826762158426  # orientation.w (quaternion)

  frontjet:
    x: 1.047697012206532
    y: 0.4737226911736648
    z: -0.715750014555285
    w: 0.6983565827455981

  home:
    x: 0.486
    y: 0.592
    z: -0.727
    w: 0.687
